{
  "matrix": {
    "tickers": [
      "^GSPC",
      "^IXIC",
      "^N225",
      "^GDAXI",
      "^FTSE",
      "^HSI",
      "000001.SS",
      "^AXJO",
      "^BVSP",
      "^TNX",
      "GC=F",
      "CL=F",
      "HG=F",
      "BTC-USD",
      "ETH-USD",
      "DX-Y.NYB",
      "USDJPY=X"
    ],
    "names": [
      "S&P 500",
      "Nasdaq",
      "Nikkei",
      "DAX",
      "FTSE 100",
      "Hang Seng",
      "Shanghai",
      "ASX 200",
      "Bovespa",
      "US 10Y",
      "Gold",
      "WTI Oil",
      "Copper",
      "Bitcoin",
      "Ethereum",
      "Dollar Index",
      "USD/JPY"
    ],
    "matrix_30d": [
      [
        1.0,
        0.947,
        0.018,
        0.518,
        0.588,
        -0.092,
        0.098,
        -0.122,
        0.458,
        0.152,
        0.198,
        -0.378,
        0.208,
        0.735,
        0.773,
        -0.219,
        -0.119
      ],
      [
        0.947,
        1.0,
        -0.009,
        0.521,
        0.426,
        -0.039,
        0.074,
        -0.13,
        0.42,
        0.209,
        0.189,
        -0.335,
        0.184,
        0.693,
        0.75,
        -0.221,
        -0.126
      ],
      [
        0.018,
        -0.009,
        1.0,
        0.083,
        0.172,
        0.484,
        0.692,
        0.455,
        0.233,
        -0.003,
        0.322,
        0.057,
        0.323,
        -0.026,
        0.019,
        -0.197,
        -0.1
      ],
      [
        0.518,
        0.521,
        0.083,
        1.0,
        0.687,
        -0.227,
        0.07,
        -0.075,
        0.479,
        -0.045,
        0.056,
        -0.552,
        0.069,
        0.412,
        0.408,
        -0.329,
        -0.054
      ],
      [
        0.588,
        0.426,
        0.172,
        0.687,
        1.0,
        -0.018,
        0.288,
        0.156,
        0.404,
        -0.034,
        0.125,
        -0.477,
        0.264,
        0.414,
        0.465,
        -0.254,
        0.042
      ],
      [
        -0.092,
        -0.039,
        0.484,
        -0.227,
        -0.018,
        1.0,
        0.642,
        0.397,
        0.234,
        -0.006,
        0.502,
        0.246,
        0.398,
        -0.261,
        -0.161,
        -0.171,
        -0.229
      ],
      [
        0.098,
        0.074,
        0.692,
        0.07,
        0.288,
        0.642,
        1.0,
        0.585,
        0.192,
        0.109,
        0.49,
        0.161,
        0.329,
        -0.137,
        -0.031,
        -0.192,
        -0.113
      ],
      [
        -0.122,
        -0.13,
        0.455,
        -0.075,
        0.156,
        0.397,
        0.585,
        1.0,
        0.093,
        0.183,
        0.248,
        -0.065,
        0.1,
        -0.343,
        -0.249,
        -0.111,
        0.023
      ],
      [
        0.458,
        0.42,
        0.233,
        0.479,
        0.404,
        0.234,
        0.192,
        0.093,
        1.0,
        -0.12,
        0.459,
        -0.379,
        0.445,
        0.207,
        0.23,
        -0.483,
        -0.056
      ],
      [
        0.152,
        0.209,
        -0.003,
        -0.045,
        -0.034,
        -0.006,
        0.109,
        0.183,
        -0.12,
        1.0,
        -0.08,
        0.192,
        -0.107,
        0.279,
        0.291,
        0.283,
        -0.205
      ],
      [
        0.198,
        0.189,
        0.322,
        0.056,
        0.125,
        0.502,
        0.49,
        0.248,
        0.459,
        -0.08,
        1.0,
        0.075,
        0.629,
        0.124,
        0.218,
        -0.564,
        -0.158
      ],
      [
        -0.378,
        -0.335,
        0.057,
        -0.552,
        -0.477,
        0.246,
        0.161,
        -0.065,
        -0.379,
        0.192,
        0.075,
        1.0,
        0.035,
        -0.102,
        -0.128,
        -0.03,
        0.069
      ],
      [
        0.208,
        0.184,
        0.323,
        0.069,
        0.264,
        0.398,
        0.329,
        0.1,
        0.445,
        -0.107,
        0.629,
        0.035,
        1.0,
        0.128,
        0.192,
        -0.515,
        0.005
      ],
      [
        0.735,
        0.693,
        -0.026,
        0.412,
        0.414,
        -0.261,
        -0.137,
        -0.343,
        0.207,
        0.279,
        0.124,
        -0.102,
        0.128,
        1.0,
        0.965,
        -0.176,
        -0.099
      ],
      [
        0.773,
        0.75,
        0.019,
        0.408,
        0.465,
        -0.161,
        -0.031,
        -0.249,
        0.23,
        0.291,
        0.218,
        -0.128,
        0.192,
        0.965,
        1.0,
        -0.206,
        -0.034
      ],
      [
        -0.219,
        -0.221,
        -0.197,
        -0.329,
        -0.254,
        -0.171,
        -0.192,
        -0.111,
        -0.483,
        0.283,
        -0.564,
        -0.03,
        -0.515,
        -0.176,
        -0.206,
        1.0,
        -0.129
      ],
      [
        -0.119,
        -0.126,
        -0.1,
        -0.054,
        0.042,
        -0.229,
        -0.113,
        0.023,
        -0.056,
        -0.205,
        -0.158,
        0.069,
        0.005,
        -0.099,
        -0.034,
        -0.129,
        1.0
      ]
    ],
    "matrix_90d": [
      [
        1.0,
        0.955,
        0.044,
        0.532,
        0.494,
        -0.026,
        0.008,
        -0.027,
        0.362,
        0.257,
        0.098,
        -0.098,
        0.347,
        0.631,
        0.68,
        0.046,
        -0.149
      ],
      [
        0.955,
        1.0,
        0.02,
        0.524,
        0.376,
        -0.041,
        -0.019,
        -0.038,
        0.31,
        0.289,
        0.089,
        -0.1,
        0.295,
        0.611,
        0.668,
        0.07,
        -0.168
      ],
      [
        0.044,
        0.02,
        1.0,
        0.181,
        0.216,
        0.493,
        0.547,
        0.553,
        0.246,
        -0.043,
        0.244,
        0.047,
        0.214,
        -0.014,
        -0.003,
        -0.113,
        0.004
      ],
      [
        0.532,
        0.524,
        0.181,
        1.0,
        0.675,
        0.062,
        0.161,
        0.147,
        0.34,
        0.011,
        0.126,
        -0.351,
        0.189,
        0.384,
        0.372,
        -0.112,
        -0.14
      ],
      [
        0.494,
        0.376,
        0.216,
        0.675,
        1.0,
        0.164,
        0.305,
        0.231,
        0.381,
        -0.014,
        0.146,
        -0.233,
        0.329,
        0.37,
        0.351,
        -0.113,
        0.014
      ],
      [
        -0.026,
        -0.041,
        0.493,
        0.062,
        0.164,
        1.0,
        0.75,
        0.518,
        0.162,
        0.058,
        0.374,
        0.178,
        0.303,
        -0.175,
        -0.16,
        -0.106,
        -0.129
      ],
      [
        0.008,
        -0.019,
        0.547,
        0.161,
        0.305,
        0.75,
        1.0,
        0.542,
        0.035,
        0.112,
        0.288,
        0.157,
        0.254,
        -0.121,
        -0.087,
        -0.027,
        0.002
      ],
      [
        -0.027,
        -0.038,
        0.553,
        0.147,
        0.231,
        0.518,
        0.542,
        1.0,
        0.104,
        0.06,
        0.225,
        -0.073,
        0.087,
        -0.225,
        -0.203,
        -0.118,
        -0.104
      ],
      [
        0.362,
        0.31,
        0.246,
        0.34,
        0.381,
        0.162,
        0.035,
        0.104,
        1.0,
        0.052,
        0.297,
        -0.172,
        0.27,
        0.236,
        0.251,
        -0.302,
        -0.063
      ],
      [
        0.257,
        0.289,
        -0.043,
        0.011,
        -0.014,
        0.058,
        0.112,
        0.06,
        0.052,
        1.0,
        -0.096,
        0.285,
        0.013,
        0.218,
        0.226,
        0.354,
        -0.145
      ],
      [
        0.098,
        0.089,
        0.244,
        0.126,
        0.146,
        0.374,
        0.288,
        0.225,
        0.297,
        -0.096,
        1.0,
        0.021,
        0.538,
        0.124,
        0.164,
        -0.458,
        -0.153
      ],
      [
        -0.098,
        -0.1,
        0.047,
        -0.351,
        -0.233,
        0.178,
        0.157,
        -0.073,
        -0.172,
        0.285,
        0.021,
        1.0,
        0.138,
        -0.029,
        -0.023,
        0.075,
        0.12
      ],
      [
        0.347,
        0.295,
        0.214,
        0.189,
        0.329,
        0.303,
        0.254,
        0.087,
        0.27,
        0.013,
        0.538,
        0.138,
        1.0,
        0.204,
        0.237,
        -0.31,
        -0.034
      ],
      [
        0.631,
        0.611,
        -0.014,
        0.384,
        0.37,
        -0.175,
        -0.121,
        -0.225,
        0.236,
        0.218,
        0.124,
        -0.029,
        0.204,
        1.0,
        0.938,
        -0.071,
        -0.104
      ],
      [
        0.68,
        0.668,
        -0.003,
        0.372,
        0.351,
        -0.16,
        -0.087,
        -0.203,
        0.251,
        0.226,
        0.164,
        -0.023,
        0.237,
        0.938,
        1.0,
        -0.069,
        -0.027
      ],
      [
        0.046,
        0.07,
        -0.113,
        -0.112,
        -0.113,
        -0.106,
        -0.027,
        -0.118,
        -0.302,
        0.354,
        -0.458,
        0.075,
        -0.31,
        -0.071,
        -0.069,
        1.0,
        -0.041
      ],
      [
        -0.149,
        -0.168,
        0.004,
        -0.14,
        0.014,
        -0.129,
        0.002,
        -0.104,
        -0.063,
        -0.145,
        -0.153,
        0.12,
        -0.034,
        -0.104,
        -0.027,
        -0.041,
        1.0
      ]
    ],
    "avg_correlation_30d": 0.257,
    "avg_correlation_90d": 0.218,
    "systemic_risk_score": 25.7
  },
  "anomalies": [
    {
      "ticker_a": "BTC-USD",
      "name_a": "Bitcoin",
      "ticker_b": "ETH-USD",
      "name_b": "Ethereum",
      "correlation_30d": 0.965,
      "correlation_90d": 0.938,
      "correlation_change": 0.027,
      "is_breakdown": false,
      "is_unusual": false,
      "is_concentrated": true,
      "signal": "concentration_risk",
      "description": "Bitcoin and Ethereum extremely correlated (30d: 0.96). Holding both adds no diversification."
    },
    {
      "ticker_a": "^GSPC",
      "name_a": "S&P 500",
      "ticker_b": "^IXIC",
      "name_b": "Nasdaq",
      "correlation_30d": 0.947,
      "correlation_90d": 0.955,
      "correlation_change": -0.008,
      "is_breakdown": false,
      "is_unusual": false,
      "is_concentrated": true,
      "signal": "concentration_risk",
      "description": "S&P 500 and Nasdaq extremely correlated (30d: 0.95). Holding both adds no diversification."
    }
  ],
  "top_correlated": [
    {
      "pair": "Bitcoin / Ethereum",
      "correlation": 0.965
    },
    {
      "pair": "S&P 500 / Nasdaq",
      "correlation": 0.947
    },
    {
      "pair": "S&P 500 / Ethereum",
      "correlation": 0.773
    },
    {
      "pair": "Nasdaq / Ethereum",
      "correlation": 0.75
    },
    {
      "pair": "S&P 500 / Bitcoin",
      "correlation": 0.735
    },
    {
      "pair": "Nasdaq / Bitcoin",
      "correlation": 0.693
    },
    {
      "pair": "Nikkei / Shanghai",
      "correlation": 0.692
    },
    {
      "pair": "DAX / FTSE 100",
      "correlation": 0.687
    },
    {
      "pair": "Hang Seng / Shanghai",
      "correlation": 0.642
    },
    {
      "pair": "Gold / Copper",
      "correlation": 0.629
    }
  ],
  "best_hedges": [
    {
      "pair": "Gold / Dollar Index",
      "correlation": -0.564
    },
    {
      "pair": "DAX / WTI Oil",
      "correlation": -0.552
    },
    {
      "pair": "Copper / Dollar Index",
      "correlation": -0.515
    },
    {
      "pair": "Bovespa / Dollar Index",
      "correlation": -0.483
    },
    {
      "pair": "FTSE 100 / WTI Oil",
      "correlation": -0.477
    },
    {
      "pair": "Bovespa / WTI Oil",
      "correlation": -0.379
    },
    {
      "pair": "S&P 500 / WTI Oil",
      "correlation": -0.378
    },
    {
      "pair": "ASX 200 / Bitcoin",
      "correlation": -0.343
    },
    {
      "pair": "Nasdaq / WTI Oil",
      "correlation": -0.335
    },
    {
      "pair": "DAX / Dollar Index",
      "correlation": -0.329
    }
  ],
  "systemic_risk_score": 25.7,
  "analyzed_at": "2026-03-07T14:20:42.985815+00:00"
}